{
 "cells": [
  {
   "cell_type": "markdown",
   "metadata": {},
   "source": [
    "Question 4. Linear Discriminant Analysis "
   ]
  },
  {
   "cell_type": "markdown",
   "metadata": {},
   "source": [
    "Following steps of this model."
   ]
  },
  {
   "cell_type": "code",
   "execution_count": 2,
   "metadata": {},
   "outputs": [],
   "source": [
    "# imports \n",
    "import numpy as np\n",
    "import pandas as pd\n",
    "import sklearn as sk\n",
    "from sklearn.preprocessing import StandardScaler\n",
    "from sklearn.preprocessing import LabelEncoder "
   ]
  },
  {
   "cell_type": "markdown",
   "metadata": {},
   "source": [
    "Preprocess by standardizing data and computing and gathering mean vectors "
   ]
  },
  {
   "cell_type": "code",
   "execution_count": 3,
   "metadata": {},
   "outputs": [
    {
     "name": "stdout",
     "output_type": "stream",
     "text": [
      "mean_vectors: \n",
      " [array([ 0.85188711,  1.14293625, -0.32797945, -0.61050298,  0.89728426,\n",
      "       -0.82546595, -1.22575798,  0.68370347,  0.57603762,  0.85272394,\n",
      "       -0.05770297, -0.2088384 ]), array([-0.27810688, -0.37312272,  0.1070721 ,  0.19930467, -0.29292722,\n",
      "        0.26948143,  0.40016068, -0.22320168, -0.18805311, -0.27838007,\n",
      "        0.0188377 ,  0.06817734])]\n"
     ]
    }
   ],
   "source": [
    "# Set the seed for reproducibility\n",
    "np.random.seed(1000)\n",
    "\n",
    "# Load the data\n",
    "df = pd.read_csv('wine_dataset.csv')\n",
    "\n",
    "# Drop the 'style' column for the X data\n",
    "X = df.iloc[:, :-1].values\n",
    "y = df.iloc[:, -1].values\n",
    "\n",
    "# encode the labels\n",
    "label_encoder = LabelEncoder()\n",
    "y = label_encoder.fit_transform(y)\n",
    "\n",
    "# (Step 1) Standardize the data\n",
    "scaler = StandardScaler()\n",
    "X = scaler.fit_transform(X)\n",
    "\n",
    "unique_labels = np.unique(y)\n",
    "mean_vectors = []\n",
    "\n",
    "# (Step 2) for each class, compute the d-dimensional mean vector\n",
    "for label in unique_labels:\n",
    "    mean_vectors.append(np.mean(X[y == label], axis=0))\n",
    "\n",
    "# reported vectors \n",
    "print(\"mean_vectors: \\n\", mean_vectors)"
   ]
  },
  {
   "cell_type": "markdown",
   "metadata": {},
   "source": [
    "Construct the in-between matrix and within-class scatter matrix "
   ]
  },
  {
   "cell_type": "code",
   "execution_count": 4,
   "metadata": {},
   "outputs": [
    {
     "name": "stdout",
     "output_type": "stream",
     "text": [
      "S_w: \n",
      " [[ 86651.43119776  24682.91861377  38356.9348606    5379.77685766\n",
      "   31767.54606218  -7135.77096977  -9262.57621049  45089.54985747\n",
      "   -9991.19939809  32039.82766839   4618.60264716   6637.62008053]\n",
      " [ 24682.91861377  84492.88663349 -17485.5797232   -2250.80202333\n",
      "   36841.93368691 -13658.63615171 -17001.71217179  29383.1136059\n",
      "   29015.09868699  25223.64737055   8046.51782894  -9173.43881264]\n",
      " [ 38356.9348606  -17485.5797232   95401.82472589  29591.54960255\n",
      "   15934.72681572  29661.63134498  35988.82432958  21182.83368859\n",
      "  -11627.6291356   17440.89111714  15617.46729256  23664.41910457]\n",
      " [  5379.77685766  -2250.80202333  29591.54960255  97497.13971354\n",
      "    3889.22600458  51739.6748069   60444.36285737  57810.37776953\n",
      "   -5708.12959065   -388.4619228  -10538.17378172  15160.53529964]\n",
      " [ 31767.54606218  36841.93368691  15934.72681572   3889.22600458\n",
      "   86314.74656455   -467.3999829   -5577.66837098  37413.63876623\n",
      "   13027.61051479  39358.0222804   -8138.12344132  -3192.19985053]\n",
      " [ -7135.77096977 -13658.63615171  29661.63134498  51739.6748069\n",
      "    -467.3999829   99091.39673751  78818.66964057  17536.0626498\n",
      "    4558.96950466    211.42986969   4259.44418446  23164.93221386]\n",
      " [ -9262.57621049 -17001.71217179  35988.82432958  60444.36285737\n",
      "   -5577.66837098  78818.66964057 102060.13310243  19541.0487119\n",
      "   -1172.9482887   -5108.08679026   -953.38911872  17098.60296993]\n",
      " [ 45089.54985747  29383.1136059   21182.83368859  57810.37776953\n",
      "   37413.63876623  17536.0626498   19541.0487119   87898.75280016\n",
      "   11245.09430962  29537.97025769 -40857.37410247 -10601.4174456 ]\n",
      " [ -9991.19939809  29015.09868699 -11627.6291356   -5708.12959065\n",
      "   13027.61051479   4558.96950466  -1172.9482887   11245.09430962\n",
      "   88697.24862969  24685.94603123  22536.30935682  15164.47894235]\n",
      " [ 32039.82766839  25223.64737055  17440.89111714   -388.4619228\n",
      "   39358.0222804     211.42986969  -5108.08679026  29537.97025769\n",
      "   24685.94603123  86645.22489294  11821.11384525  15618.2036919 ]\n",
      " [  4618.60264716   8046.51782894  15617.46729256 -10538.17378172\n",
      "   -8138.12344132   4259.44418446   -953.38911872 -40857.37410247\n",
      "   22536.30935682  11821.11384525  93397.33910683  50634.63059039]\n",
      " [  6637.62008053  -9173.43881264  23664.41910457  15160.53529964\n",
      "   -3192.19985053  23164.93221386  17098.60296993 -10601.4174456\n",
      "   15164.47894235  15618.2036919   50634.63059039  94518.22388623]]\n",
      "S_b: \n",
      " [[ 502.50030025  674.18065672 -193.46433492 -360.11571195  529.27859281\n",
      "  -486.91532438 -723.03447885  403.29427926  339.78572312  502.99392018\n",
      "   -34.03709338 -123.18693151]\n",
      " [ 674.18065672  904.51599266 -259.56185958 -483.15005395  710.10781309\n",
      "  -653.27103884 -970.06083289  541.08067579  455.87427877  674.84292301\n",
      "   -45.66594281 -165.27402341]\n",
      " [-193.46433492 -259.56185958   74.48443089  138.64578125 -203.77406918\n",
      "   187.46406589  278.37074826 -155.26967741 -130.81866599 -193.65438029\n",
      "    13.10439741   47.42739012]\n",
      " [-360.11571195 -483.15005395  138.64578125  258.07611642 -379.30631519\n",
      "   348.94677399  518.1610359  -289.01993975 -243.50667558 -360.46946356\n",
      "    24.39260655   88.28163788]\n",
      " [ 529.27859281  710.10781309 -203.77406918 -379.30631519  557.48390333\n",
      "  -512.86309198 -761.56506042  424.78587279  357.89293917  529.7985178\n",
      "   -35.85093358 -129.75157573]\n",
      " [-486.91532438 -653.27103884  187.46406589  348.94677399 -512.86309198\n",
      "   471.81371435  700.60966658 -390.78616414 -329.24731689 -487.39363477\n",
      "    32.98143774  119.36630622]\n",
      " [-723.03447885 -970.06083289  278.37074826  518.1610359  -761.56506042\n",
      "   700.60966658 1040.35531393 -580.28954189 -488.90874914 -723.7447356\n",
      "    48.97507935  177.25043902]\n",
      " [ 403.29427926  541.08067579 -155.26967741 -289.01993975  424.78587279\n",
      "  -390.78616414 -580.28954189  323.67398707  272.70359489  403.69044638\n",
      "   -27.31732705  -98.86677627]\n",
      " [ 339.78572312  455.87427877 -130.81866599 -243.50667558  357.89293917\n",
      "  -329.24731689 -488.90874914  272.70359489  229.75973861  340.11950402\n",
      "   -23.01554523  -83.29778227]\n",
      " [ 502.99392018  674.84292301 -193.65438029 -360.46946356  529.7985178\n",
      "  -487.39363477 -723.7447356   403.69044638  340.11950402  503.48802501\n",
      "   -34.07052896 -123.30794144]\n",
      " [ -34.03709338  -45.66594281   13.10439741   24.39260655  -35.85093358\n",
      "    32.98143774   48.97507935  -27.31732705  -23.01554523  -34.07052896\n",
      "     2.30551848    8.34412455]\n",
      " [-123.18693151 -165.27402341   47.42739012   88.28163788 -129.75157573\n",
      "   119.36630622  177.25043902  -98.86677627  -83.29778227 -123.30794144\n",
      "     8.34412455   30.19902692]]\n"
     ]
    }
   ],
   "source": [
    "# (Step 3) construct the between-class scatter matrix and the within-class scatter matrix and report them\n",
    "\n",
    "general_mean = np.mean(X, axis=0)\n",
    "S_b = np.zeros((X.shape[1], X.shape[1]))\n",
    "S_w = np.zeros((X.shape[1], X.shape[1]))\n",
    "\n",
    "# for each class i compute the within class scatter matrix use the formula sum of (x - mean_vector_i) * (x - mean_vector_i).T\n",
    "for cls, mean_vectors in zip(unique_labels, mean_vectors):\n",
    "    S_i = np.zeros((X.shape[1], X.shape[1]))\n",
    "    for row in X[y == cls]:\n",
    "        row = row.reshape(-1, 1)\n",
    "        S_i += (row - mean_vectors).dot((row - mean_vectors).T)\n",
    "        \n",
    "    S_w += S_i\n",
    "\n",
    "print(\"S_w: \\n\", S_w)\n",
    "\n",
    "mean_vector_i = mean_vectors.reshape(-1, 1)\n",
    "general_mean = general_mean.reshape(-1, 1)\n",
    "\n",
    "# for each class i compute the between class scatter matrix use the formula sum of n_i * (mean_vector_i - mean_vector) * (mean_vector_i - mean_vector).T\n",
    "for cls, mean_vectors in zip(unique_labels, mean_vectors):\n",
    "    n_i = X[y == cls].shape[0]\n",
    "    S_b += n_i * (mean_vector_i - general_mean).dot((mean_vector_i - general_mean).T)\n",
    "\n",
    "print(\"S_b: \\n\", S_b)"
   ]
  },
  {
   "cell_type": "markdown",
   "metadata": {},
   "source": [
    "Compute the eigenvalues and eignevectors "
   ]
  },
  {
   "cell_type": "code",
   "execution_count": 5,
   "metadata": {},
   "outputs": [
    {
     "name": "stdout",
     "output_type": "stream",
     "text": [
      "eigenvalues: \n",
      " [ 2.41977984e-02+0.00000000e+00j -1.16875452e-17+0.00000000e+00j\n",
      " -2.84673453e-17+0.00000000e+00j  4.93018449e-18+0.00000000e+00j\n",
      "  1.95465950e-18+3.90700292e-18j  1.95465950e-18-3.90700292e-18j\n",
      " -1.85608094e-18+1.73749669e-18j -1.85608094e-18-1.73749669e-18j\n",
      "  2.97338632e-18+0.00000000e+00j  3.21615036e-19+7.56901394e-19j\n",
      "  3.21615036e-19-7.56901394e-19j  1.46808261e-18+0.00000000e+00j]\n",
      "eigenvectors: \n",
      " [[ 0.12653425+0.00000000e+00j  0.4159696 +0.00000000e+00j\n",
      "  -0.41201565+0.00000000e+00j  0.19212247+0.00000000e+00j\n",
      "  -0.09752898-1.33134724e-01j -0.09752898+1.33134724e-01j\n",
      "   0.01394392-2.89994763e-01j  0.01394392+2.89994763e-01j\n",
      "  -0.02010796+0.00000000e+00j -0.08139666+4.44986761e-02j\n",
      "  -0.08139666-4.44986761e-02j -0.21007425+0.00000000e+00j]\n",
      " [-0.13671375+0.00000000e+00j -0.27774313+0.00000000e+00j\n",
      "  -0.14794455+0.00000000e+00j -0.10092829+0.00000000e+00j\n",
      "   0.0320059 +5.83254243e-03j  0.0320059 -5.83254243e-03j\n",
      "  -0.08458614+7.85067371e-02j -0.08458614-7.85067371e-02j\n",
      "  -0.05719943+0.00000000e+00j -0.02680188+5.36218977e-03j\n",
      "  -0.02680188-5.36218977e-03j  0.05482542+0.00000000e+00j]\n",
      " [ 0.03732081+0.00000000e+00j -0.0533138 +0.00000000e+00j\n",
      "  -0.04207194+0.00000000e+00j -0.07637392+0.00000000e+00j\n",
      "  -0.00475724-2.03153350e-01j -0.00475724+2.03153350e-01j\n",
      "   0.1541103 +2.89245330e-02j  0.1541103 -2.89245330e-02j\n",
      "  -0.02356855+0.00000000e+00j  0.06233419-2.32429682e-02j\n",
      "   0.06233419+2.32429682e-02j -0.40840099+0.00000000e+00j]\n",
      " [ 0.47035028+0.00000000e+00j  0.64883099+0.00000000e+00j\n",
      "  -0.39740167+0.00000000e+00j  0.09769716+0.00000000e+00j\n",
      "   0.18353072+3.50449545e-01j  0.18353072-3.50449545e-01j\n",
      "  -0.58406576+0.00000000e+00j -0.58406576-0.00000000e+00j\n",
      "   0.05019355+0.00000000e+00j -0.1548976 +8.98759938e-02j\n",
      "  -0.1548976 -8.98759938e-02j  0.30178932+0.00000000e+00j]\n",
      " [-0.04282246+0.00000000e+00j  0.03909224+0.00000000e+00j\n",
      "   0.04058205+0.00000000e+00j  0.15901611+0.00000000e+00j\n",
      "  -0.09721531+2.92969457e-01j -0.09721531-2.92969457e-01j\n",
      "  -0.37163037+5.90912953e-03j -0.37163037-5.90912953e-03j\n",
      "   0.0664227 +0.00000000e+00j -0.14533671-2.40619690e-02j\n",
      "  -0.14533671+2.40619690e-02j  0.2830439 +0.00000000e+00j]\n",
      " [-0.08758026+0.00000000e+00j  0.12399606+0.00000000e+00j\n",
      "  -0.0652851 +0.00000000e+00j -0.20014367+0.00000000e+00j\n",
      "  -0.16798906-4.80222213e-02j -0.16798906+4.80222213e-02j\n",
      "   0.07207236-2.88472136e-01j  0.07207236+2.88472136e-01j\n",
      "  -0.2269322 +0.00000000e+00j -0.0446005 +2.92091293e-02j\n",
      "  -0.0446005 -2.92091293e-02j  0.00691108+0.00000000e+00j]\n",
      " [ 0.31497023+0.00000000e+00j -0.15971721+0.00000000e+00j\n",
      "   0.04863035+0.00000000e+00j  0.21655577+0.00000000e+00j\n",
      "   0.06546362-4.17242442e-02j  0.06546362+4.17242442e-02j\n",
      "  -0.04599065-8.51830882e-02j -0.04599065+8.51830882e-02j\n",
      "   0.14341589+0.00000000e+00j -0.01935865+8.32626673e-04j\n",
      "  -0.01935865-8.32626673e-04j -0.19449821+0.00000000e+00j]\n",
      " [-0.7525402 +0.00000000e+00j  0.06404965+0.00000000e+00j\n",
      "   0.63642919+0.00000000e+00j -0.25730647+0.00000000e+00j\n",
      "   0.31408544-1.58882245e-01j  0.31408544+1.58882245e-01j\n",
      "  -0.09339531+2.75805395e-04j -0.09339531-2.75805395e-04j\n",
      "  -0.1421399 +0.00000000e+00j  0.00376281+3.09506318e-02j\n",
      "   0.00376281-3.09506318e-02j -0.21815888+0.00000000e+00j]\n",
      " [ 0.06011233+0.00000000e+00j  0.11306686+0.00000000e+00j\n",
      "  -0.17160965+0.00000000e+00j  0.10137651+0.00000000e+00j\n",
      "  -0.05220878+3.13001368e-01j -0.05220878-3.13001368e-01j\n",
      "  -0.05345174-1.19614476e-01j -0.05345174+1.19614476e-01j\n",
      "   0.01913019+0.00000000e+00j -0.00186166+3.59393042e-02j\n",
      "  -0.00186166-3.59393042e-02j  0.30596432+0.00000000e+00j]\n",
      " [-0.03043895+0.00000000e+00j  0.07104344+0.00000000e+00j\n",
      "  -0.09195719+0.00000000e+00j  0.12025176+0.00000000e+00j\n",
      "   0.04228108-2.05703075e-01j  0.04228108+2.05703075e-01j\n",
      "   0.22141075-1.18212385e-01j  0.22141075+1.18212385e-01j\n",
      "   0.21628963+0.00000000e+00j  0.13913283-7.39969861e-02j\n",
      "   0.13913283+7.39969861e-02j -0.40569961+0.00000000e+00j]\n",
      " [-0.25007178+0.00000000e+00j -0.50681215+0.00000000e+00j\n",
      "   0.44432239+0.00000000e+00j  0.85603385+0.00000000e+00j\n",
      "   0.61073026+0.00000000e+00j  0.61073026-0.00000000e+00j\n",
      "  -0.11411268+4.35546818e-01j -0.11411268-4.35546818e-01j\n",
      "   0.92016318+0.00000000e+00j  0.87763469+0.00000000e+00j\n",
      "   0.87763469-0.00000000e+00j  0.50343557+0.00000000e+00j]\n",
      " [-0.02394234+0.00000000e+00j -0.06927497+0.00000000e+00j\n",
      "  -0.00359479+0.00000000e+00j -0.0393251 +0.00000000e+00j\n",
      "  -0.00149202-1.98440471e-02j -0.00149202+1.98440471e-02j\n",
      "  -0.06993457-6.51702884e-02j -0.06993457+6.51702884e-02j\n",
      "   0.05214901+0.00000000e+00j -0.12553046-3.40778225e-01j\n",
      "  -0.12553046+3.40778225e-01j -0.13325407+0.00000000e+00j]]\n"
     ]
    }
   ],
   "source": [
    "# Step 4 compute the eigenvalues and eigenvectors of S_w^-1 * S_b\n",
    "\n",
    "eigenvalues, eigenvectors = np.linalg.eig(np.matmul(np.linalg.inv(S_w), S_b))\n",
    "\n",
    "# we should have a max of c-1 eigenvalues be non-zero\n",
    "\n",
    "#reported eigenvalues and eigenvectors\n",
    "print(\"eigenvalues: \\n\", eigenvalues)\n",
    "print(\"eigenvectors: \\n\", eigenvectors)\n"
   ]
  },
  {
   "cell_type": "markdown",
   "metadata": {},
   "source": [
    "Sort the largest eigenvalues and corresponding eigenvectors."
   ]
  },
  {
   "cell_type": "code",
   "execution_count": 6,
   "metadata": {},
   "outputs": [
    {
     "name": "stdout",
     "output_type": "stream",
     "text": [
      "k_largest_eigenvalues: \n",
      " [0.0241978]\n",
      "k_largest_eigenvectors: \n",
      " [[0.12653425]\n",
      " [0.13671375]\n",
      " [0.03732081]\n",
      " [0.47035028]\n",
      " [0.04282246]\n",
      " [0.08758026]]\n"
     ]
    }
   ],
   "source": [
    "# Step 5 sort the eigenvalues and select k = d/2 largest eigenvalues\n",
    "# report the largest eigenvalues and their corresponding eigenvectors\n",
    "k = (len(eigenvalues)) // 2\n",
    "\n",
    "\n",
    "# get the nonzero eigenvalues should be 1\n",
    "non_zero_eigenvals = []\n",
    "\n",
    "# get the real numbers of the eigenvectors and eigenvalues \n",
    "eigenvectors = np.abs(eigenvectors)\n",
    "eigenvalues = np.abs(eigenvalues)\n",
    "\n",
    "# iterate and find largest\n",
    "for val in eigenvalues:\n",
    "    if val > 1e-5:\n",
    "        non_zero_eigenvals.append(val)\n",
    "        \n",
    "\n",
    "non_zero_eigenvals = np.array(non_zero_eigenvals)\n",
    "\n",
    "k_largest_eigenvalues = non_zero_eigenvals[np.argsort(-non_zero_eigenvals)][:k]\n",
    "k_largest_eigenvectors = eigenvectors[:, np.argsort(-non_zero_eigenvals)][:k]\n",
    "\n",
    "print(\"k_largest_eigenvalues: \\n\", k_largest_eigenvalues)\n",
    "print(\"k_largest_eigenvectors: \\n\", k_largest_eigenvectors)\n"
   ]
  },
  {
   "cell_type": "markdown",
   "metadata": {},
   "source": [
    "Construct the Projection Matrix "
   ]
  },
  {
   "cell_type": "code",
   "execution_count": 7,
   "metadata": {},
   "outputs": [
    {
     "name": "stdout",
     "output_type": "stream",
     "text": [
      "[[0.12653425]\n",
      " [0.13671375]\n",
      " [0.03732081]\n",
      " [0.47035028]\n",
      " [0.04282246]\n",
      " [0.08758026]]\n"
     ]
    }
   ],
   "source": [
    "# construct the projection matrix\n",
    "projection_matrix = k_largest_eigenvectors\n",
    "\n",
    "\n",
    "print(projection_matrix)\n"
   ]
  }
 ],
 "metadata": {
  "kernelspec": {
   "display_name": "Python 3",
   "language": "python",
   "name": "python3"
  },
  "language_info": {
   "codemirror_mode": {
    "name": "ipython",
    "version": 3
   },
   "file_extension": ".py",
   "mimetype": "text/x-python",
   "name": "python",
   "nbconvert_exporter": "python",
   "pygments_lexer": "ipython3",
   "version": "3.11.4"
  }
 },
 "nbformat": 4,
 "nbformat_minor": 2
}
