{
 "cells": [
  {
   "cell_type": "markdown",
   "metadata": {},
   "source": [
    "Question 4. Linear Discriminant Analysis "
   ]
  },
  {
   "cell_type": "markdown",
   "metadata": {},
   "source": [
    "Following steps of this model."
   ]
  },
  {
   "cell_type": "code",
   "execution_count": 2,
   "metadata": {},
   "outputs": [],
   "source": [
    "# imports \n",
    "import numpy as np\n",
    "import pandas as pd\n",
    "import sklearn as sk\n",
    "from sklearn.preprocessing import StandardScaler\n",
    "from sklearn.preprocessing import LabelEncoder "
   ]
  },
  {
   "cell_type": "markdown",
   "metadata": {},
   "source": [
    "Preprocess by standardizing data and computing and gathering mean vectors "
   ]
  },
  {
   "cell_type": "code",
   "execution_count": 5,
   "metadata": {},
   "outputs": [
    {
     "name": "stdout",
     "output_type": "stream",
     "text": [
      "mean_vectors: \n",
      " [array([ 0.85188711,  1.14293625, -0.32797945, -0.61050298,  0.89728426,\n",
      "       -0.82546595, -1.22575798,  0.68370347,  0.57603762,  0.85272394,\n",
      "       -0.05770297, -0.2088384 ]), array([-0.27810688, -0.37312272,  0.1070721 ,  0.19930467, -0.29292722,\n",
      "        0.26948143,  0.40016068, -0.22320168, -0.18805311, -0.27838007,\n",
      "        0.0188377 ,  0.06817734])]\n"
     ]
    }
   ],
   "source": [
    "# Set the seed for reproducibility\n",
    "np.random.seed(1000)\n",
    "\n",
    "# Load the data\n",
    "df = pd.read_csv('wine_dataset.csv')\n",
    "\n",
    "# Drop the 'style' column for the X data\n",
    "X = df.iloc[:, :-1].values\n",
    "y = df.iloc[:, -1].values\n",
    "\n",
    "# encode the labels\n",
    "label_encoder = LabelEncoder()\n",
    "y = label_encoder.fit_transform(y)\n",
    "\n",
    "# (Step 1) Standardize the data\n",
    "scaler = StandardScaler()\n",
    "X = scaler.fit_transform(X)\n",
    "\n",
    "unique_labels = np.unique(y)\n",
    "mean_vectors = []\n",
    "\n",
    "\n",
    "# (Step 2) for each class, compute the d-dimensional mean vector\n",
    "for label in unique_labels:\n",
    "    mean_vectors.append(np.mean(X[y == label], axis=0))\n",
    "\n",
    "# reported vectors \n",
    "print(\"mean_vectors: \\n\", mean_vectors)"
   ]
  },
  {
   "cell_type": "markdown",
   "metadata": {},
   "source": [
    "Construct the in-between matrix and within-class scatter matrix "
   ]
  },
  {
   "cell_type": "code",
   "execution_count": 6,
   "metadata": {},
   "outputs": [
    {
     "name": "stdout",
     "output_type": "stream",
     "text": [
      "S_w: \n",
      " [[ 4.95775893e+03 -6.42229598e+02  2.70047199e+03  3.75551274e+02\n",
      "   3.16104047e+02 -3.45430353e+02  7.69103351e+01  1.74618144e+03\n",
      "  -2.68261450e+03  4.05538526e+02 -5.15887327e+02 -1.21258789e+02]\n",
      " [-6.42229598e+02  3.72631874e+03 -1.66066395e+03  2.06483483e+02\n",
      "   2.74999396e+02 -2.89488179e+02  2.78604048e+02  1.05188718e+02\n",
      "   3.02251358e+02 -5.98938903e+02 -1.04667293e+02 -1.21998799e+03]\n",
      " [ 2.70047199e+03 -1.66066395e+03  6.26884194e+03  5.00810783e+02\n",
      "   8.77563588e+02  2.90685117e+02  4.15791730e+02  1.10032864e+03\n",
      "  -1.74204473e+03  9.58309078e+02 -1.08317143e+02  4.10421670e+02]\n",
      " [ 3.75551274e+02  2.06483483e+02  5.00810783e+02  5.70647041e+03\n",
      "   3.24151203e+02  1.54856919e+03  1.63193139e+03  4.47501824e+03\n",
      "  -9.90875981e+02 -1.03793096e+02 -2.40983633e+03 -5.10683386e+02]\n",
      " [ 3.16104047e+02  2.74999396e+02  8.77563588e+02  3.24151203e+02\n",
      "   4.78933511e+03  3.03778036e+02  5.16040024e+02  1.05471843e+03\n",
      "  -8.05817195e+02  9.47309713e+02 -1.55936322e+03 -9.06273339e+02]\n",
      " [-3.45430353e+02 -2.89488179e+02  2.90685117e+02  1.54856919e+03\n",
      "   3.03778036e+02  5.05175699e+03  2.53782608e+03  1.36412462e+03\n",
      "   6.09259206e+01  2.68560123e+02 -1.26943788e+03 -5.29513723e+00]\n",
      " [ 7.69103351e+01  2.78604048e+02  4.15791730e+02  1.63193139e+03\n",
      "   5.16040024e+02  2.53782608e+03  3.31022056e+03  1.98798946e+03\n",
      "  -5.13620163e+01  4.25552016e+02 -1.87652916e+03 -8.11828542e+02]\n",
      " [ 1.74618144e+03  1.05188718e+02  1.10032864e+03  4.47501824e+03\n",
      "   1.05471843e+03  1.36412462e+03  1.98798946e+03  5.50553334e+03\n",
      "  -7.59411499e+02  4.49261549e+02 -4.37810754e+03 -1.68431362e+03]\n",
      " [-2.68261450e+03  3.02251358e+02 -1.74204473e+03 -9.90875981e+02\n",
      "  -8.05817195e+02  6.09259206e+01 -5.13620163e+01 -7.59411499e+02\n",
      "   5.79320813e+03  2.06383790e+02  8.58251691e+02  3.81883365e+02]\n",
      " [ 4.05538526e+02 -5.98938903e+02  9.58309078e+02 -1.03793096e+02\n",
      "   9.47309713e+02  2.68560123e+02  4.25552016e+02  4.49261549e+02\n",
      "   2.06383790e+02  4.95473337e+03  8.46829545e+01  6.27752448e+02]\n",
      " [-5.15887327e+02 -1.04667293e+02 -1.08317143e+02 -2.40983633e+03\n",
      "  -1.55936322e+03 -1.26943788e+03 -1.87652916e+03 -4.37810754e+03\n",
      "   8.58251691e+02  8.46829545e+01  6.48993782e+03  2.86117800e+03]\n",
      " [-1.21258789e+02 -1.21998799e+03  4.10421670e+02 -5.10683386e+02\n",
      "  -9.06273339e+02 -5.29513723e+00 -8.11828542e+02 -1.68431362e+03\n",
      "   3.81883365e+02  6.27752448e+02  2.86117800e+03  6.40449541e+03]]\n",
      "S_b: \n",
      " [[ 1539.2410698   2065.12623927  -592.61307846 -1103.09365673\n",
      "   1621.26738435 -1491.50172535 -2214.77353185  1235.35671034\n",
      "   1040.81955712  1540.75310884  -104.26121538  -377.34183273]\n",
      " [ 2065.12623927  2770.68125833  -795.08066805 -1479.9680827\n",
      "   2175.17702846 -2001.07664055 -2971.4558846   1657.41910572\n",
      "   1396.41789706  2067.15486985  -139.88229385  -506.2615176 ]\n",
      " [ -592.61307846  -795.08066805   228.15806286   424.69483213\n",
      "   -624.19349022   574.23326751   852.69538772  -475.61656031\n",
      "   -400.71909071  -593.19521867    40.14092466   145.27789669]\n",
      " [-1103.09365673 -1479.9680827    424.69483213   790.5295924\n",
      "  -1161.87763088  1068.88136272  1587.21247893  -885.31561281\n",
      "   -745.90099873 -1104.17725611    74.71856591   270.42117721]\n",
      " [ 1621.26738435  2175.17702846  -624.19349022 -1161.87763088\n",
      "   1707.66488961 -1570.98400534 -2332.79904061  1301.18899619\n",
      "   1096.28493811  1622.86000011  -109.81730625  -397.45041771]\n",
      " [-1491.50172535 -2001.07664055   574.23326751  1068.88136272\n",
      "  -1570.98400534  1445.24300993  2146.08264347 -1197.0422964\n",
      "  -1008.53868551 -1492.96686872   101.02756851   365.63862907]\n",
      " [-2214.77353185 -2971.4558846    852.69538772  1587.21247893\n",
      "  -2332.79904061  2146.08264347  3186.77944191 -1777.52231157\n",
      "  -1497.60791325 -2216.9491651    150.01872336   542.94724848]\n",
      " [ 1235.35671034  1657.41910572  -475.61656031  -885.31561281\n",
      "   1301.18899619 -1197.0422964  -1777.52231157   991.46665959\n",
      "    835.33596483  1236.57023538   -83.67746585  -302.84519709]\n",
      " [ 1040.81955712  1396.41789706  -400.71909071  -745.90099873\n",
      "   1096.28493811 -1008.53868551 -1497.60791325   835.33596483\n",
      "    703.79186973  1041.84198293   -70.50040059  -255.15480774]\n",
      " [ 1540.75310884  2067.15486985  -593.19521867 -1104.17725611\n",
      "   1622.86000011 -1492.96686872 -2216.9491651   1236.57023538\n",
      "   1041.84198293  1542.2666332   -104.36363406  -377.71250604]\n",
      " [ -104.26121538  -139.88229385    40.14092466    74.71856591\n",
      "   -109.81730625   101.02756851   150.01872336   -83.67746585\n",
      "    -70.50040059  -104.36363406     7.0621823     25.55942592]\n",
      " [ -377.34183273  -506.2615176    145.27789669   270.42117721\n",
      "   -397.45041771   365.63862907   542.94724848  -302.84519709\n",
      "   -255.15480774  -377.71250604    25.55942592    92.50458653]]\n"
     ]
    }
   ],
   "source": [
    "# (Step 3) construct the between-class scatter matrix and the within-class scatter matrix and report them\n",
    "import numpy as np\n",
    "\n",
    "# Assuming X is your data matrix and y is the class labels\n",
    "unique_labels = np.unique(y)\n",
    "general_mean = np.mean(X, axis=0)\n",
    "S_b = np.zeros((X.shape[1], X.shape[1]))\n",
    "S_w = np.zeros((X.shape[1], X.shape[1]))\n",
    "\n",
    "# Compute the within-class scatter matrix\n",
    "for cls in unique_labels:\n",
    "    X_cls = X[y == cls]\n",
    "    mean_vector_cls = np.mean(X_cls, axis=0).reshape(-1, 1)\n",
    "    for row in X_cls:\n",
    "        row = row.reshape(-1, 1)\n",
    "        S_w += (row - mean_vector_cls).dot((row - mean_vector_cls).T)\n",
    "\n",
    "# Compute the between-class scatter matrix\n",
    "for cls in unique_labels:\n",
    "    X_cls = X[y == cls]\n",
    "    n_cls = X_cls.shape[0]\n",
    "    mean_vector_cls = np.mean(X_cls, axis=0).reshape(-1, 1)\n",
    "    general_mean = general_mean.reshape(-1, 1)\n",
    "    S_b += n_cls * (mean_vector_cls - general_mean).dot((mean_vector_cls - general_mean).T)\n",
    "\n",
    "print(\"S_w: \\n\", S_w)\n",
    "print(\"S_b: \\n\", S_b)\n"
   ]
  },
  {
   "cell_type": "markdown",
   "metadata": {},
   "source": [
    "Compute the eigenvalues and eignevectors "
   ]
  },
  {
   "cell_type": "code",
   "execution_count": 5,
   "metadata": {},
   "outputs": [
    {
     "name": "stdout",
     "output_type": "stream",
     "text": [
      "eigenvalues: \n",
      " [ 2.41977984e-02+0.00000000e+00j -1.16875452e-17+0.00000000e+00j\n",
      " -2.84673453e-17+0.00000000e+00j  4.93018449e-18+0.00000000e+00j\n",
      "  1.95465950e-18+3.90700292e-18j  1.95465950e-18-3.90700292e-18j\n",
      " -1.85608094e-18+1.73749669e-18j -1.85608094e-18-1.73749669e-18j\n",
      "  2.97338632e-18+0.00000000e+00j  3.21615036e-19+7.56901394e-19j\n",
      "  3.21615036e-19-7.56901394e-19j  1.46808261e-18+0.00000000e+00j]\n",
      "eigenvectors: \n",
      " [[ 0.12653425+0.00000000e+00j  0.4159696 +0.00000000e+00j\n",
      "  -0.41201565+0.00000000e+00j  0.19212247+0.00000000e+00j\n",
      "  -0.09752898-1.33134724e-01j -0.09752898+1.33134724e-01j\n",
      "   0.01394392-2.89994763e-01j  0.01394392+2.89994763e-01j\n",
      "  -0.02010796+0.00000000e+00j -0.08139666+4.44986761e-02j\n",
      "  -0.08139666-4.44986761e-02j -0.21007425+0.00000000e+00j]\n",
      " [-0.13671375+0.00000000e+00j -0.27774313+0.00000000e+00j\n",
      "  -0.14794455+0.00000000e+00j -0.10092829+0.00000000e+00j\n",
      "   0.0320059 +5.83254243e-03j  0.0320059 -5.83254243e-03j\n",
      "  -0.08458614+7.85067371e-02j -0.08458614-7.85067371e-02j\n",
      "  -0.05719943+0.00000000e+00j -0.02680188+5.36218977e-03j\n",
      "  -0.02680188-5.36218977e-03j  0.05482542+0.00000000e+00j]\n",
      " [ 0.03732081+0.00000000e+00j -0.0533138 +0.00000000e+00j\n",
      "  -0.04207194+0.00000000e+00j -0.07637392+0.00000000e+00j\n",
      "  -0.00475724-2.03153350e-01j -0.00475724+2.03153350e-01j\n",
      "   0.1541103 +2.89245330e-02j  0.1541103 -2.89245330e-02j\n",
      "  -0.02356855+0.00000000e+00j  0.06233419-2.32429682e-02j\n",
      "   0.06233419+2.32429682e-02j -0.40840099+0.00000000e+00j]\n",
      " [ 0.47035028+0.00000000e+00j  0.64883099+0.00000000e+00j\n",
      "  -0.39740167+0.00000000e+00j  0.09769716+0.00000000e+00j\n",
      "   0.18353072+3.50449545e-01j  0.18353072-3.50449545e-01j\n",
      "  -0.58406576+0.00000000e+00j -0.58406576-0.00000000e+00j\n",
      "   0.05019355+0.00000000e+00j -0.1548976 +8.98759938e-02j\n",
      "  -0.1548976 -8.98759938e-02j  0.30178932+0.00000000e+00j]\n",
      " [-0.04282246+0.00000000e+00j  0.03909224+0.00000000e+00j\n",
      "   0.04058205+0.00000000e+00j  0.15901611+0.00000000e+00j\n",
      "  -0.09721531+2.92969457e-01j -0.09721531-2.92969457e-01j\n",
      "  -0.37163037+5.90912953e-03j -0.37163037-5.90912953e-03j\n",
      "   0.0664227 +0.00000000e+00j -0.14533671-2.40619690e-02j\n",
      "  -0.14533671+2.40619690e-02j  0.2830439 +0.00000000e+00j]\n",
      " [-0.08758026+0.00000000e+00j  0.12399606+0.00000000e+00j\n",
      "  -0.0652851 +0.00000000e+00j -0.20014367+0.00000000e+00j\n",
      "  -0.16798906-4.80222213e-02j -0.16798906+4.80222213e-02j\n",
      "   0.07207236-2.88472136e-01j  0.07207236+2.88472136e-01j\n",
      "  -0.2269322 +0.00000000e+00j -0.0446005 +2.92091293e-02j\n",
      "  -0.0446005 -2.92091293e-02j  0.00691108+0.00000000e+00j]\n",
      " [ 0.31497023+0.00000000e+00j -0.15971721+0.00000000e+00j\n",
      "   0.04863035+0.00000000e+00j  0.21655577+0.00000000e+00j\n",
      "   0.06546362-4.17242442e-02j  0.06546362+4.17242442e-02j\n",
      "  -0.04599065-8.51830882e-02j -0.04599065+8.51830882e-02j\n",
      "   0.14341589+0.00000000e+00j -0.01935865+8.32626673e-04j\n",
      "  -0.01935865-8.32626673e-04j -0.19449821+0.00000000e+00j]\n",
      " [-0.7525402 +0.00000000e+00j  0.06404965+0.00000000e+00j\n",
      "   0.63642919+0.00000000e+00j -0.25730647+0.00000000e+00j\n",
      "   0.31408544-1.58882245e-01j  0.31408544+1.58882245e-01j\n",
      "  -0.09339531+2.75805395e-04j -0.09339531-2.75805395e-04j\n",
      "  -0.1421399 +0.00000000e+00j  0.00376281+3.09506318e-02j\n",
      "   0.00376281-3.09506318e-02j -0.21815888+0.00000000e+00j]\n",
      " [ 0.06011233+0.00000000e+00j  0.11306686+0.00000000e+00j\n",
      "  -0.17160965+0.00000000e+00j  0.10137651+0.00000000e+00j\n",
      "  -0.05220878+3.13001368e-01j -0.05220878-3.13001368e-01j\n",
      "  -0.05345174-1.19614476e-01j -0.05345174+1.19614476e-01j\n",
      "   0.01913019+0.00000000e+00j -0.00186166+3.59393042e-02j\n",
      "  -0.00186166-3.59393042e-02j  0.30596432+0.00000000e+00j]\n",
      " [-0.03043895+0.00000000e+00j  0.07104344+0.00000000e+00j\n",
      "  -0.09195719+0.00000000e+00j  0.12025176+0.00000000e+00j\n",
      "   0.04228108-2.05703075e-01j  0.04228108+2.05703075e-01j\n",
      "   0.22141075-1.18212385e-01j  0.22141075+1.18212385e-01j\n",
      "   0.21628963+0.00000000e+00j  0.13913283-7.39969861e-02j\n",
      "   0.13913283+7.39969861e-02j -0.40569961+0.00000000e+00j]\n",
      " [-0.25007178+0.00000000e+00j -0.50681215+0.00000000e+00j\n",
      "   0.44432239+0.00000000e+00j  0.85603385+0.00000000e+00j\n",
      "   0.61073026+0.00000000e+00j  0.61073026-0.00000000e+00j\n",
      "  -0.11411268+4.35546818e-01j -0.11411268-4.35546818e-01j\n",
      "   0.92016318+0.00000000e+00j  0.87763469+0.00000000e+00j\n",
      "   0.87763469-0.00000000e+00j  0.50343557+0.00000000e+00j]\n",
      " [-0.02394234+0.00000000e+00j -0.06927497+0.00000000e+00j\n",
      "  -0.00359479+0.00000000e+00j -0.0393251 +0.00000000e+00j\n",
      "  -0.00149202-1.98440471e-02j -0.00149202+1.98440471e-02j\n",
      "  -0.06993457-6.51702884e-02j -0.06993457+6.51702884e-02j\n",
      "   0.05214901+0.00000000e+00j -0.12553046-3.40778225e-01j\n",
      "  -0.12553046+3.40778225e-01j -0.13325407+0.00000000e+00j]]\n"
     ]
    }
   ],
   "source": [
    "# Step 4 compute the eigenvalues and eigenvectors of S_w^-1 * S_b\n",
    "\n",
    "eigenvalues, eigenvectors = np.linalg.eig(np.matmul(np.linalg.inv(S_w), S_b))\n",
    "\n",
    "# we should have a max of c-1 eigenvalues be non-zero\n",
    "\n",
    "#reported eigenvalues and eigenvectors\n",
    "print(\"eigenvalues: \\n\", eigenvalues)\n",
    "print(\"eigenvectors: \\n\", eigenvectors)\n"
   ]
  },
  {
   "cell_type": "markdown",
   "metadata": {},
   "source": [
    "Sort the largest eigenvalues and corresponding eigenvectors."
   ]
  },
  {
   "cell_type": "code",
   "execution_count": 6,
   "metadata": {},
   "outputs": [
    {
     "name": "stdout",
     "output_type": "stream",
     "text": [
      "k_largest_eigenvalues: \n",
      " [0.0241978]\n",
      "k_largest_eigenvectors: \n",
      " [[0.12653425]\n",
      " [0.13671375]\n",
      " [0.03732081]\n",
      " [0.47035028]\n",
      " [0.04282246]\n",
      " [0.08758026]]\n"
     ]
    }
   ],
   "source": [
    "# Step 5 sort the eigenvalues and select k = d/2 largest eigenvalues\n",
    "# report the largest eigenvalues and their corresponding eigenvectors\n",
    "k = (len(eigenvalues)) // 2\n",
    "\n",
    "\n",
    "# get the nonzero eigenvalues should be 1\n",
    "non_zero_eigenvals = []\n",
    "\n",
    "# get the real numbers of the eigenvectors and eigenvalues \n",
    "eigenvectors = np.abs(eigenvectors)\n",
    "eigenvalues = np.abs(eigenvalues)\n",
    "\n",
    "# iterate and find largest\n",
    "for val in eigenvalues:\n",
    "    if val > 1e-5:\n",
    "        non_zero_eigenvals.append(val)\n",
    "        \n",
    "\n",
    "non_zero_eigenvals = np.array(non_zero_eigenvals)\n",
    "\n",
    "k_largest_eigenvalues = non_zero_eigenvals[np.argsort(-non_zero_eigenvals)][:k]\n",
    "k_largest_eigenvectors = eigenvectors[:, np.argsort(-non_zero_eigenvals)][:k]\n",
    "\n",
    "print(\"k_largest_eigenvalues: \\n\", k_largest_eigenvalues)\n",
    "print(\"k_largest_eigenvectors: \\n\", k_largest_eigenvectors)\n"
   ]
  },
  {
   "cell_type": "markdown",
   "metadata": {},
   "source": [
    "Construct the Projection Matrix "
   ]
  },
  {
   "cell_type": "code",
   "execution_count": 7,
   "metadata": {},
   "outputs": [
    {
     "name": "stdout",
     "output_type": "stream",
     "text": [
      "[[0.12653425]\n",
      " [0.13671375]\n",
      " [0.03732081]\n",
      " [0.47035028]\n",
      " [0.04282246]\n",
      " [0.08758026]]\n"
     ]
    }
   ],
   "source": [
    "# construct the projection matrix\n",
    "projection_matrix = k_largest_eigenvectors\n",
    "\n",
    "\n",
    "print(projection_matrix)\n"
   ]
  }
 ],
 "metadata": {
  "kernelspec": {
   "display_name": "Python 3",
   "language": "python",
   "name": "python3"
  },
  "language_info": {
   "codemirror_mode": {
    "name": "ipython",
    "version": 3
   },
   "file_extension": ".py",
   "mimetype": "text/x-python",
   "name": "python",
   "nbconvert_exporter": "python",
   "pygments_lexer": "ipython3",
   "version": "3.11.4"
  }
 },
 "nbformat": 4,
 "nbformat_minor": 2
}
