{
 "cells": [
  {
   "cell_type": "markdown",
   "metadata": {},
   "source": [
    "Principle Component Analysis on the Wine Dataset using sklearn"
   ]
  },
  {
   "cell_type": "code",
   "execution_count": 21,
   "metadata": {},
   "outputs": [],
   "source": [
    "import os \n",
    "import numpy as np\n",
    "import pandas as pd\n",
    "import sklearn as sk\n",
    "from sklearn.decomposition import PCA\n",
    "from sklearn.preprocessing import StandardScaler\n"
   ]
  },
  {
   "cell_type": "code",
   "execution_count": 28,
   "metadata": {},
   "outputs": [
    {
     "name": "stdout",
     "output_type": "stream",
     "text": [
      "   fixed_acidity  volatile_acidity  citric_acid  residual_sugar  chlorides  \\\n",
      "0       0.142473          2.188833    -2.192833       -0.744778   0.569958   \n",
      "1       0.451036          3.282235    -2.192833       -0.597640   1.197975   \n",
      "2       0.451036          2.553300    -1.917553       -0.660699   1.026697   \n",
      "3       3.073817         -0.362438     1.661085       -0.744778   0.541412   \n",
      "4       0.142473          2.188833    -2.192833       -0.744778   0.569958   \n",
      "\n",
      "   free_sulfur_dioxide  total_sulfur_dioxide   density        pH  sulphates  \\\n",
      "0            -1.100140             -1.446359  1.034993  1.813090   0.193097   \n",
      "1            -0.311320             -0.862469  0.701486 -0.115073   0.999579   \n",
      "2            -0.874763             -1.092486  0.768188  0.258120   0.797958   \n",
      "3            -0.762074             -0.986324  1.101694 -0.363868   0.327510   \n",
      "4            -1.100140             -1.446359  1.034993  1.813090   0.193097   \n",
      "\n",
      "    alcohol   quality  \n",
      "0 -0.915464 -0.937230  \n",
      "1 -0.580068 -0.937230  \n",
      "2 -0.580068 -0.937230  \n",
      "3 -0.580068  0.207999  \n",
      "4 -0.915464 -0.937230  \n",
      "covariance matrix: \n",
      " [[ 1.68074049e+00  4.67451842e-02  6.11220638e-02 -6.90720406e-01\n",
      "   1.35436318e-02 -6.50600262e+00 -2.41120302e+01  1.78404969e-03\n",
      "  -5.26754017e-02  5.77916979e-02 -1.47593995e-01 -8.68823374e-02]\n",
      " [ 4.67451842e-02  2.71051686e-02 -9.04305972e-03 -1.53537127e-01\n",
      "   2.17518065e-03 -1.03024247e+00 -3.85693262e+00  1.33936206e-04\n",
      "   6.92107402e-03  5.53634578e-03 -7.39121134e-03 -3.81995259e-02]\n",
      " [ 6.11220638e-02 -9.04305972e-03  2.11172819e-02  9.84899061e-02\n",
      "   1.98539208e-04  3.43372050e-01  1.60364637e+00  4.19001091e-05\n",
      "  -7.70605180e-03  1.21521895e-03 -1.81875646e-03  1.08539400e-02]\n",
      " [-6.90720406e-01 -1.53537127e-01  9.84899061e-02  2.26366965e+01\n",
      "  -2.14921893e-02  3.40216845e+01  1.33244854e+02  7.88281328e-03\n",
      "  -2.04498058e-01 -1.31634584e-01 -2.03956684e+00 -1.53645674e-01]\n",
      " [ 1.35436318e-02  2.17518065e-03  1.98539208e-04 -2.14921893e-02\n",
      "   1.22735323e-03 -1.21283801e-01 -5.53714179e-01  3.80942342e-05\n",
      "   2.51838026e-04  2.06230926e-03 -1.07352144e-02 -6.13901526e-03]\n",
      " [-6.50600262e+00 -1.03024247e+00  3.43372050e-01  3.40216845e+01\n",
      "  -1.21283801e-01  3.15041192e+02  7.23261972e+02  1.36876982e-03\n",
      "  -4.16248982e-01 -4.97756101e-01 -3.80716486e+00  8.59663926e-01]\n",
      " [-2.41120302e+01 -3.85693262e+00  1.60364637e+00  1.33244854e+02\n",
      "  -5.53714179e-01  7.23261972e+02  3.19472004e+03  5.49056402e-03\n",
      "  -2.16669610e+00 -2.31907871e+00 -1.79146464e+01 -2.04270354e+00]\n",
      " [ 1.78404969e-03  1.33936206e-04  4.19001091e-05  7.88281328e-03\n",
      "   3.80942342e-05  1.36876982e-03  5.49056402e-03  8.99203978e-06\n",
      "   5.63442326e-06  1.15784535e-04 -2.45618107e-03 -8.00921656e-04]\n",
      " [-5.26754017e-02  6.92107402e-03 -7.70605180e-03 -2.04498058e-01\n",
      "   2.51838026e-04 -4.16248982e-01 -2.16669610e+00  5.63442326e-06\n",
      "   2.58525244e-02  4.59676001e-03  2.32521562e-02  2.73876215e-03]\n",
      " [ 5.77916979e-02  5.53634578e-03  1.21521895e-03 -1.31634584e-01\n",
      "   2.06230926e-03 -4.97756101e-01 -2.31907871e+00  1.15784535e-04\n",
      "   4.59676001e-03  2.21431880e-02 -5.37629133e-04  5.00101103e-03]\n",
      " [-1.47593995e-01 -7.39121134e-03 -1.81875646e-03 -2.03956684e+00\n",
      "  -1.07352144e-02 -3.80716486e+00 -1.79146464e+01 -2.45618107e-03\n",
      "   2.32521562e-02 -5.37629133e-04  1.42256132e+00  4.62776321e-01]\n",
      " [-8.68823374e-02 -3.81995259e-02  1.08539400e-02 -1.53645674e-01\n",
      "  -6.13901526e-03  8.59663926e-01 -2.04270354e+00 -8.00921656e-04\n",
      "   2.73876215e-03  5.00101103e-03  4.62776321e-01  7.62574769e-01]]\n",
      "eigenvalues: \n",
      " [3.37210738e+03 1.43655406e+02 1.70649469e+01 1.74849230e+00\n",
      " 1.22601776e+00 4.82398206e-01 3.06937506e-02 2.01431216e-02\n",
      " 1.46248386e-02 1.03816747e-02 5.63202387e-07 7.76029075e-04]\n",
      "eigenvectors: \n",
      " [[-7.40794747e-03  5.37151136e-03 -2.38512534e-02 -7.13391954e-01\n",
      "   6.93896945e-01 -5.68311269e-02  3.38953569e-02 -2.72964111e-02\n",
      "   5.01037319e-02 -3.59276126e-02 -1.02368438e-03 -5.87406834e-04]\n",
      " [-1.18432245e-03  7.86983127e-04 -9.04663220e-04 -2.40023102e-02\n",
      "  -1.79724761e-02 -4.20670532e-02  6.20447173e-01 -3.76971537e-01\n",
      "  -3.42036866e-01  5.90742330e-01 -2.17978316e-03  6.55415753e-02]\n",
      " [ 4.86867386e-04  2.47169465e-04 -1.92231722e-03 -2.40290581e-02\n",
      "   5.09750479e-02  3.09345706e-03 -4.00577892e-01  5.00643301e-01\n",
      "   4.57349464e-02  7.62770304e-01 -6.60852899e-05  4.23556007e-02]\n",
      " [ 4.10197243e-02 -1.86280097e-02 -9.95215659e-01  7.05007767e-02\n",
      "   3.55509694e-02 -3.49629770e-02  5.80302531e-03  3.70395546e-03\n",
      "   2.70942645e-03 -2.05021151e-03 -3.79078305e-04 -6.69867363e-04]\n",
      " [-1.68197676e-04 -6.68445065e-05 -1.76598728e-04 -9.90529594e-03\n",
      "  -3.42814494e-03  2.40484439e-03  3.82879160e-02  3.82093954e-02\n",
      "  -6.88593448e-02  5.42929575e-02 -5.54624534e-03 -9.94604579e-01]\n",
      " [ 2.30481538e-01 -9.72618836e-01  2.71252260e-02 -1.08118777e-02\n",
      "  -6.79198388e-04 -6.09737975e-03  1.30918712e-05 -5.78429047e-04\n",
      "  -2.54333645e-04  3.60358212e-04  9.29781756e-08  1.32409362e-04]\n",
      " [ 9.72166737e-01  2.31394621e-01  3.58535508e-02 -2.26122774e-03\n",
      "   7.39713625e-03 -3.89552188e-05  1.72642192e-03 -1.93453703e-04\n",
      "  -5.27805592e-05 -1.26355437e-04  4.20132582e-06 -1.33630062e-04]\n",
      " [ 1.77246490e-06 -1.27799964e-06 -4.60800041e-04 -1.43929562e-03\n",
      "  -1.70548725e-04  4.73059696e-04  5.18433575e-03  2.61340802e-03\n",
      "   1.38066059e-03  1.26768420e-03  9.99966148e-01 -5.28641079e-03]\n",
      " [-6.55520709e-04 -6.48013240e-04  6.91136883e-03  2.76138928e-02\n",
      "  -3.77127643e-02  5.69820916e-03  5.72125737e-01  3.28527490e-01\n",
      "   7.48518613e-01  4.41600812e-02 -4.95907892e-03 -1.48709141e-02]\n",
      " [-7.04339125e-04 -3.46546062e-04  1.93636054e-03 -2.23568727e-02\n",
      "   1.67223779e-02  1.90311690e-02  3.50956224e-01  7.04032795e-01\n",
      "  -5.59720084e-01 -2.49774847e-01 -2.25913589e-03  6.58967549e-02]\n",
      " [-5.45180769e-03 -2.87899807e-03  8.25958966e-02  6.09807112e-01\n",
      "   5.85664503e-01 -5.27017102e-01  1.68736119e-02  4.64040850e-03\n",
      "  -4.19940135e-03 -1.10189844e-02  1.13826886e-03 -8.86882047e-03]\n",
      " [-5.32679832e-04 -9.15205691e-03  8.79199781e-03  3.34064046e-01\n",
      "   4.11764412e-01  8.45921828e-01  3.34875599e-02 -3.75333192e-02\n",
      "  -8.57128291e-03  2.23938078e-02  5.73462705e-05 -1.03897359e-03]]\n"
     ]
    }
   ],
   "source": [
    "# Set the seed for reproducibility\n",
    "np.random.seed(1000)\n",
    "\n",
    "# Load the data\n",
    "df = pd.read_csv('C:\\\\Users\\\\esteb\\\\PythonProjects\\\\projects\\\\Machine-Learning\\\\Training&DimensionalityReduction\\\\wine_dataset.csv')\n",
    "\n",
    "# Drop the 'style' column\n",
    "df.drop('style', axis=1, inplace=True)\n",
    "\n",
    "# Standardize the data\n",
    "scaler = StandardScaler()\n",
    "df_standardized = scaler.fit_transform(df)\n",
    "\n",
    "# Convert the standardized data back to a DataFrame\n",
    "df_standardized = pd.DataFrame(df_standardized, columns=df.columns)\n",
    "\n",
    "# Display the first few rows of the standardized data\n",
    "print(df_standardized.head())\n",
    "\n",
    "# get the covariance matrix\n",
    "covariance_matrix = np.cov(df.T)\n",
    "print(\"covariance matrix: \\n\", covariance_matrix)\n",
    "\n",
    "# get the eigenvalues and eigenvectors\n",
    "eigenvalues, eigenvectors = np.linalg.eig(covariance_matrix)\n",
    "print(\"eigenvalues: \\n\", eigenvalues)\n",
    "print(\"eigenvectors: \\n\", eigenvectors)\n"
   ]
  },
  {
   "cell_type": "code",
   "execution_count": 29,
   "metadata": {},
   "outputs": [
    {
     "name": "stdout",
     "output_type": "stream",
     "text": [
      "eigenvalues_k: \n",
      " [3.37210738e+03 1.43655406e+02 1.70649469e+01 1.74849230e+00\n",
      " 1.22601776e+00 4.82398206e-01]\n",
      "eigenvectors_k: \n",
      " [[-7.40794747e-03  5.37151136e-03 -2.38512534e-02 -7.13391954e-01\n",
      "   6.93896945e-01 -5.68311269e-02]\n",
      " [-1.18432245e-03  7.86983127e-04 -9.04663220e-04 -2.40023102e-02\n",
      "  -1.79724761e-02 -4.20670532e-02]\n",
      " [ 4.86867386e-04  2.47169465e-04 -1.92231722e-03 -2.40290581e-02\n",
      "   5.09750479e-02  3.09345706e-03]\n",
      " [ 4.10197243e-02 -1.86280097e-02 -9.95215659e-01  7.05007767e-02\n",
      "   3.55509694e-02 -3.49629770e-02]\n",
      " [-1.68197676e-04 -6.68445065e-05 -1.76598728e-04 -9.90529594e-03\n",
      "  -3.42814494e-03  2.40484439e-03]\n",
      " [ 2.30481538e-01 -9.72618836e-01  2.71252260e-02 -1.08118777e-02\n",
      "  -6.79198388e-04 -6.09737975e-03]\n",
      " [ 9.72166737e-01  2.31394621e-01  3.58535508e-02 -2.26122774e-03\n",
      "   7.39713625e-03 -3.89552188e-05]\n",
      " [ 1.77246490e-06 -1.27799964e-06 -4.60800041e-04 -1.43929562e-03\n",
      "  -1.70548725e-04  4.73059696e-04]\n",
      " [-6.55520709e-04 -6.48013240e-04  6.91136883e-03  2.76138928e-02\n",
      "  -3.77127643e-02  5.69820916e-03]\n",
      " [-7.04339125e-04 -3.46546062e-04  1.93636054e-03 -2.23568727e-02\n",
      "   1.67223779e-02  1.90311690e-02]\n",
      " [-5.45180769e-03 -2.87899807e-03  8.25958966e-02  6.09807112e-01\n",
      "   5.85664503e-01 -5.27017102e-01]\n",
      " [-5.32679832e-04 -9.15205691e-03  8.79199781e-03  3.34064046e-01\n",
      "   4.11764412e-01  8.45921828e-01]]\n",
      "projection_matrix: \n",
      " [[-7.40794747e-03  5.37151136e-03 -2.38512534e-02 -7.13391954e-01\n",
      "   6.93896945e-01 -5.68311269e-02]\n",
      " [-1.18432245e-03  7.86983127e-04 -9.04663220e-04 -2.40023102e-02\n",
      "  -1.79724761e-02 -4.20670532e-02]\n",
      " [ 4.86867386e-04  2.47169465e-04 -1.92231722e-03 -2.40290581e-02\n",
      "   5.09750479e-02  3.09345706e-03]\n",
      " [ 4.10197243e-02 -1.86280097e-02 -9.95215659e-01  7.05007767e-02\n",
      "   3.55509694e-02 -3.49629770e-02]\n",
      " [-1.68197676e-04 -6.68445065e-05 -1.76598728e-04 -9.90529594e-03\n",
      "  -3.42814494e-03  2.40484439e-03]\n",
      " [ 2.30481538e-01 -9.72618836e-01  2.71252260e-02 -1.08118777e-02\n",
      "  -6.79198388e-04 -6.09737975e-03]\n",
      " [ 9.72166737e-01  2.31394621e-01  3.58535508e-02 -2.26122774e-03\n",
      "   7.39713625e-03 -3.89552188e-05]\n",
      " [ 1.77246490e-06 -1.27799964e-06 -4.60800041e-04 -1.43929562e-03\n",
      "  -1.70548725e-04  4.73059696e-04]\n",
      " [-6.55520709e-04 -6.48013240e-04  6.91136883e-03  2.76138928e-02\n",
      "  -3.77127643e-02  5.69820916e-03]\n",
      " [-7.04339125e-04 -3.46546062e-04  1.93636054e-03 -2.23568727e-02\n",
      "   1.67223779e-02  1.90311690e-02]\n",
      " [-5.45180769e-03 -2.87899807e-03  8.25958966e-02  6.09807112e-01\n",
      "   5.85664503e-01 -5.27017102e-01]\n",
      " [-5.32679832e-04 -9.15205691e-03  8.79199781e-03  3.34064046e-01\n",
      "   4.11764412e-01  8.45921828e-01]]\n"
     ]
    }
   ],
   "source": [
    "# sort the eigenvalues and select k = d/2 largest eigenvalues\n",
    "# report the largest eigenvalues and their corresponding eigenvectors\n",
    "k = (len(eigenvalues) // 2)\n",
    "\n",
    "sort_indices = np.argsort(eigenvalues)[::-1][:k]\n",
    "eigenvalues_k = eigenvalues[sort_indices]\n",
    "eigenvectors_k = eigenvectors[:, sort_indices]\n",
    "\n",
    "print(\"eigenvalues_k: \\n\", eigenvalues_k)\n",
    "print(\"eigenvectors_k: \\n\", eigenvectors_k)\n",
    "\n",
    "# construct the projection matrix\n",
    "projection_matrix = eigenvectors_k\n",
    "print(\"projection_matrix: \\n\", projection_matrix)"
   ]
  },
  {
   "cell_type": "code",
   "execution_count": 34,
   "metadata": {},
   "outputs": [
    {
     "name": "stdout",
     "output_type": "stream",
     "text": [
      "projection_matrix_sklearn: \n",
      " [[-7.40794747e-03 -1.18432245e-03  4.86867386e-04  4.10197243e-02\n",
      "  -1.68197676e-04  2.30481538e-01  9.72166737e-01  1.77246490e-06\n",
      "  -6.55520709e-04 -7.04339125e-04 -5.45180769e-03 -5.32679832e-04]\n",
      " [-5.37151136e-03 -7.86983127e-04 -2.47169465e-04  1.86280097e-02\n",
      "   6.68445065e-05  9.72618836e-01 -2.31394621e-01  1.27799964e-06\n",
      "   6.48013240e-04  3.46546062e-04  2.87899807e-03  9.15205691e-03]\n",
      " [ 2.38512534e-02  9.04663220e-04  1.92231722e-03  9.95215659e-01\n",
      "   1.76598728e-04 -2.71252260e-02 -3.58535508e-02  4.60800041e-04\n",
      "  -6.91136883e-03 -1.93636054e-03 -8.25958966e-02 -8.79199781e-03]\n",
      " [ 7.13391954e-01  2.40023102e-02  2.40290581e-02 -7.05007767e-02\n",
      "   9.90529594e-03  1.08118777e-02  2.26122774e-03  1.43929562e-03\n",
      "  -2.76138928e-02  2.23568727e-02 -6.09807112e-01 -3.34064046e-01]\n",
      " [ 6.93896945e-01 -1.79724761e-02  5.09750479e-02  3.55509694e-02\n",
      "  -3.42814494e-03 -6.79198388e-04  7.39713625e-03 -1.70548725e-04\n",
      "  -3.77127643e-02  1.67223779e-02  5.85664503e-01  4.11764412e-01]\n",
      " [ 5.68311269e-02  4.20670532e-02 -3.09345706e-03  3.49629770e-02\n",
      "  -2.40484439e-03  6.09737975e-03  3.89552188e-05 -4.73059696e-04\n",
      "  -5.69820916e-03 -1.90311690e-02  5.27017102e-01 -8.45921828e-01]]\n",
      "projection_matrix_numpy: \n",
      " [[1. 0. 0. 0. 0. 0. 0. 0. 0. 0. 0. 0.]\n",
      " [0. 1. 0. 0. 0. 0. 0. 0. 0. 0. 0. 0.]\n",
      " [0. 0. 1. 0. 0. 0. 0. 0. 0. 0. 0. 0.]\n",
      " [0. 0. 0. 1. 0. 0. 0. 0. 0. 0. 0. 0.]\n",
      " [0. 0. 0. 0. 1. 0. 0. 0. 0. 0. 0. 0.]\n",
      " [0. 0. 0. 0. 0. 1. 0. 0. 0. 0. 0. 0.]]\n"
     ]
    }
   ],
   "source": [
    "# Perform PCA\n",
    "pca = PCA(n_components=(len(eigenvalues)//2))\n",
    "X_pca = pca.fit_transform(df)\n",
    "\n",
    "# Construct the projection matrix using sklearn\n",
    "projection_matrix_sklearn = pca.components_\n",
    "\n",
    "print(\"projection_matrix_sklearn: \\n\", projection_matrix_sklearn)\n"
   ]
  }
 ],
 "metadata": {
  "kernelspec": {
   "display_name": "Python 3",
   "language": "python",
   "name": "python3"
  },
  "language_info": {
   "codemirror_mode": {
    "name": "ipython",
    "version": 3
   },
   "file_extension": ".py",
   "mimetype": "text/x-python",
   "name": "python",
   "nbconvert_exporter": "python",
   "pygments_lexer": "ipython3",
   "version": "3.11.8"
  }
 },
 "nbformat": 4,
 "nbformat_minor": 2
}
